0	32	0.82
0	65	0.56
0	327	0.47
0	679	0.42
0	116	0.66
0	564	0.87
1	160	0.95
1	226	0.21
1	611	0.55
1	72	0.51
1	586	0.80
1	44	0.46
1	835	0.84
1	412	0.28
1	286	0.54
2	707	0.85
2	613	0.50
2	398	0.06
2	725	0.44
2	120	0.60
2	287	0.82
2	318	0.30
2	927	0.38
3	648	0.85
3	553	0.34
3	554	0.84
3	398	0.76
3	117	0.35
3	246	0.01
3	634	0.27
3	234	0.84
4	288	0.15
4	642	0.11
4	931	0.32
4	247	0.93
4	685	0.63
4	82	0.04
4	789	0.03
4	663	0.89
4	857	0.81
4	476	0.04
5	576	0.38
5	161	0.27
5	462	0.93
5	722	0.05
5	371	0.89
5	373	0.46
5	91	0.99
5	350	0.58
6	203	0.32
6	455	0.21
6	937	0.80
6	747	0.34
6	397	0.57
6	399	0.97
6	443	0.51
6	414	0.63
7	578	0.05
7	164	0.30
7	169	0.39
7	523	0.72
7	493	0.97
7	175	0.29
8	560	0.34
8	901	0.63
8	423	0.58
8	744	0.95
8	572	0.20
8	810	0.56
8	784	0.95
8	336	0.51
8	210	0.88
8	435	0.90
8	372	0.32
8	888	0.72
8	602	0.49
8	636	0.99
9	74	0.20
9	237	0.53
9	657	0.93
9	146	0.25
9	405	0.56
9	310	0.29
9	349	0.24
9	85	0.32
10	196	0.80
10	37	0.67
10	332	0.96
10	589	0.54
10	54	0.85
10	471	0.84
10	548	0.54
10	507	0.16
11	672	0.81
11	584	0.25
11	716	0.92
11	562	0.10
11	693	0.46
11	630	0.90
11	153	0.40
11	159	0.16
11	501	0.93
12	545	0.39
12	930	0.63
12	251	0.08
12	869	0.58
12	102	0.12
12	231	0.54
12	266	0.96
12	140	0.46
12	98	0.97
12	110	0.79
12	115	0.02
12	377	0.45
12	635	0.50
12	700	0.18
12	863	0.27
13	577	0.32
13	899	0.81
13	748	0.02
13	853	0.25
13	534	0.02
13	62	0.29
14	514	0.58
14	364	0.82
14	461	0.00
14	272	0.27
14	179	0.28
14	565	0.85
14	281	0.55
14	250	0.48
14	735	0.16
15	994	0.56
15	420	0.14
15	329	0.98
15	874	0.87
15	876	0.90
15	770	0.31
15	207	0.03
15	276	0.19
15	761	0.42
15	508	0.53
15	958	0.64
16	34	0.71
16	839	0.05
16	744	0.23
16	652	0.07
16	560	0.69
16	210	0.94
16	819	0.78
16	756	0.38
16	53	0.57
16	920	0.66
16	313	0.24
16	731	0.10
16	63	0.14
17	993	0.97
17	963	0.21
17	833	0.96
17	617	0.03
17	235	0.06
17	978	0.50
17	24	0.33
17	954	0.26
17	479	0.53
18	972	0.40
18	77	0.92
18	50	0.52
18	885	0.76
18	982	0.52
18	762	0.48
18	283	0.88
18	540	0.21
18	58	0.08
18	830	0.88
19	390	0.95
19	460	0.47
19	746	0.20
19	780	0.30
19	656	0.83
19	312	0.85
19	52	0.14
19	279	0.94
19	696	0.56
19	317	0.25
19	671	0.73
20	896	0.61
20	35	0.17
20	945	0.68
20	242	0.84
20	406	0.74
20	665	0.27
20	537	0.46
20	827	0.26
20	956	0.03
21	353	0.03
21	619	0.87
21	466	0.72
21	526	0.36
21	497	0.29
21	562	0.34
21	693	0.43
21	666	0.96
22	896	0.11
22	449	0.27
22	35	0.21
22	741	0.18
22	774	0.06
22	665	0.70
23	865	0.96
23	919	0.54
23	875	0.29
23	556	0.41
23	110	0.82
23	115	0.75
23	852	0.85
23	694	0.48
23	791	0.30
23	219	0.77
24	833	0.02
24	963	0.90
24	617	0.78
24	410	0.40
24	479	0.00
25	481	0.08
25	995	0.09
25	676	0.37
25	934	0.17
25	938	0.51
25	883	0.83
25	84	0.02
25	566	0.54
25	280	0.53
26	360	0.13
26	363	0.53
26	51	0.40
26	510	0.84
26	982	0.50
26	889	0.63
26	27	0.59
26	702	0.27
27	360	0.33
27	889	0.24
27	510	0.25
27	702	0.54
28	907	0.41
28	45	0.59
28	93	0.83
28	411	0.45
28	92	0.41
28	285	0.45
29	384	0.35
29	263	0.31
29	123	0.76
29	423	0.05
29	200	0.74
29	60	0.61
29	395	0.61
29	308	0.77
29	149	0.22
29	376	0.85
29	121	0.85
29	891	0.77
29	135	0.71
30	800	0.87
30	48	0.56
30	39	0.16
30	951	0.80
30	428	0.22
30	621	0.90
30	157	0.38
30	528	0.08
30	81	0.05
30	370	0.78
30	181	0.96
30	214	0.24
30	921	0.86
30	952	0.64
30	985	0.06
30	442	0.51
30	221	0.42
30	222	0.21
31	97	0.90
31	738	0.78
31	804	0.04
31	710	0.58
31	614	0.02
31	488	0.11
31	407	0.17
31	622	0.98
31	338	0.63
31	563	0.36
31	500	0.12
31	439	0.21
32	311	0.54
32	327	0.95
32	675	0.44
32	964	0.93
32	358	0.65
32	743	0.41
32	679	0.28
32	337	0.94
32	116	0.03
32	855	0.17
32	345	0.85
32	65	0.07
32	511	0.30
33	454	0.50
33	422	0.46
33	105	0.15
33	814	0.36
33	816	0.51
33	759	0.07
33	892	0.31
34	107	0.12
34	336	0.93
34	834	0.97
34	643	0.37
34	901	0.26
34	487	0.46
34	809	0.61
34	651	0.50
34	560	0.09
34	819	0.58
34	920	0.86
34	313	0.04
35	896	0.35
35	449	0.89
35	741	0.14
35	945	0.99
35	242	0.14
35	344	0.08
35	665	0.52
36	355	0.85
36	790	0.93
36	469	0.85
36	598	0.09
36	249	0.51
36	316	0.80
36	638	0.58
37	196	0.19
37	332	0.20
37	589	0.47
37	54	0.37
37	471	0.05
37	548	0.80
37	507	0.04
38	640	0.47
38	544	0.85
38	482	0.63
38	259	0.30
38	256	0.27
38	391	0.87
38	682	0.17
38	811	0.39
38	942	0.41
38	284	0.20
39	800	0.34
39	705	0.98
39	633	0.31
39	183	0.65
39	157	0.95
39	912	0.75
39	81	0.11
39	370	0.24
39	222	0.84
39	214	0.68
39	793	0.25
39	952	0.57
39	921	0.97
39	442	0.12
39	573	0.14
39	798	0.19
39	181	0.08
40	674	0.48
40	517	0.94
40	966	0.56
40	42	0.19
40	459	0.14
40	125	0.68
40	66	0.25
40	943	0.47
40	409	0.92
40	335	0.46
40	413	0.70
40	773	0.61
41	772	0.44
41	167	0.48
41	777	0.03
41	619	0.07
41	302	0.20
41	923	0.64
41	542	0.93
42	674	0.15
42	517	0.43
42	966	0.42
42	459	0.39
42	125	0.34
42	66	0.07
42	943	0.35
42	409	0.08
42	335	0.59
42	413	0.23
42	773	0.55
43	480	0.79
43	737	0.89
43	70	0.28
43	902	0.90
43	103	0.78
43	587	0.88
43	431	0.97
43	498	0.72
43	438	0.86
43	215	0.34
43	697	0.66
43	186	0.19
43	733	0.78
44	160	0.17
44	673	0.23
44	226	0.84
44	611	0.34
44	586	0.69
44	835	0.37
44	596	0.97
44	436	0.39
44	286	0.48
45	683	0.78
45	133	0.21
45	907	0.99
45	567	0.81
45	347	0.58
45	92	0.94
46	293	0.86
46	296	0.13
46	331	0.08
46	941	0.29
46	399	0.63
46	141	0.65
46	691	0.65
46	980	0.81
46	763	0.69
46	381	0.77
47	965	0.69
47	713	0.74
47	331	0.13
47	882	0.21
47	763	0.58
47	764	0.89
47	293	0.64
48	711	0.33
48	621	0.36
48	528	0.33
48	723	0.17
48	951	0.23
48	600	0.76
48	221	0.23
48	158	0.13
48	863	0.87
49	448	0.55
49	233	0.08
49	490	0.13
49	78	0.22
49	113	0.81
49	595	0.55
49	186	0.40
49	669	0.67
50	804	0.69
50	678	0.65
50	338	0.40
50	77	0.74
50	946	0.45
50	500	0.64
50	885	0.04
50	982	0.37
50	407	0.97
50	283	0.78
50	830	0.76
51	550	0.06
51	360	0.89
51	363	0.24
51	55	0.52
51	889	0.77
51	702	0.64
52	452	0.81
52	390	0.21
52	520	0.16
52	460	0.73
52	780	0.83
52	558	0.69
52	656	0.16
52	279	0.59
52	312	0.71
52	319	0.40
52	317	0.00
52	671	0.58
53	744	0.42
53	652	0.54
53	304	0.77
53	210	0.79
53	756	0.18
53	313	0.15
53	602	0.53
53	731	0.14
53	63	0.68
54	418	0.85
54	548	0.53
54	332	0.71
54	471	0.70
54	196	0.38
54	507	0.31
55	609	0.63
55	547	0.01
55	229	0.01
55	582	0.30
55	363	0.03
55	434	0.33
55	884	0.61
55	986	0.54
55	282	0.17
56	770	0.25
56	420	0.03
56	943	0.64
56	408	0.35
56	409	0.93
56	508	0.50
56	829	0.00
57	324	0.47
57	456	0.07
57	650	0.30
57	908	0.52
57	911	0.34
57	721	0.26
57	348	0.90
57	95	0.67
58	264	0.83
58	972	0.35
58	885	0.18
58	762	0.08
58	540	0.61
58	830	0.63
59	962	0.04
59	163	0.50
59	100	0.17
59	715	0.23
59	930	0.49
59	211	0.19
59	249	0.29
59	377	0.19
59	635	0.71
60	423	0.86
60	200	0.31
60	135	0.64
60	435	0.54
60	149	0.65
60	376	0.40
60	121	0.26
60	891	0.84
61	88	0.98
61	818	0.49
61	300	0.39
61	822	0.11
61	927	0.85
62	577	0.18
62	940	0.97
62	749	0.39
62	853	0.59
62	220	0.41
63	744	0.65
63	652	0.38
63	304	0.17
63	210	0.55
63	756	0.58
63	888	0.90
63	313	0.93
63	602	0.39
63	731	0.66
63	636	0.24
64	388	0.73
64	101	0.95
64	759	0.28
64	727	0.26
64	987	0.67
64	892	0.73
64	253	0.79
64	190	0.90
65	964	0.83
65	327	0.65
65	116	0.17
65	996	0.81
65	511	0.44
66	517	0.88
66	459	0.51
66	335	0.21
66	409	0.77
66	943	0.78
66	773	0.08
67	660	0.02
67	754	0.98
67	732	0.07
67	366	0.03
68	846	0.95
68	208	0.69
68	530	0.90
68	822	0.07
68	953	0.12
68	506	0.43
68	637	0.43
68	478	0.74
69	875	0.31
69	852	0.37
69	597	0.48
69	791	0.06
69	219	0.07
69	607	0.75
70	608	0.77
70	480	0.51
70	902	0.63
70	103	0.12
70	587	0.45
70	498	0.32
70	658	0.89
70	697	0.03
70	988	0.23
70	733	0.17
71	224	0.75
71	193	0.45
71	227	0.46
71	618	0.58
71	499	0.81
71	755	0.62
71	847	0.60
72	320	0.83
72	322	0.24
72	586	0.36
72	717	0.69
72	475	0.86
72	605	0.48
72	286	0.75
73	451	0.61
73	485	0.12
73	582	0.88
73	494	0.11
73	272	0.94
73	977	0.29
73	434	0.74
73	403	0.72
73	281	0.83
73	986	0.69
73	668	0.07
73	421	0.25
74	352	0.46
74	993	0.97
74	237	0.33
74	657	0.66
74	146	0.92
74	85	0.55
74	310	0.88
74	349	0.53
75	736	0.43
75	152	0.33
75	553	0.90
75	779	0.61
75	632	0.94
75	275	0.42
75	246	0.79
75	984	0.05
75	634	0.27
75	378	0.32
76	340	0.33
76	762	0.14
76	972	0.82
76	273	0.63
76	383	0.02
77	338	0.56
77	830	0.63
77	982	0.46
77	283	0.23
77	510	0.42
77	885	0.90
78	448	0.49
78	233	0.26
78	490	0.00
78	113	0.80
78	595	0.32
78	438	0.21
78	186	0.13
78	669	0.93
79	992	0.52
79	704	0.10
79	91	0.86
79	339	0.66
79	489	0.62
79	426	0.01
79	333	0.72
79	371	0.13
79	244	0.38
79	437	0.55
79	571	0.47
79	735	0.04
80	864	0.30
80	737	0.10
80	192	0.04
80	701	0.50
80	320	0.37
80	215	0.72
80	475	0.16
80	733	0.95
81	705	0.32
81	419	0.89
81	157	0.14
81	912	0.38
81	723	0.06
81	181	0.22
81	214	0.21
81	951	0.53
81	952	0.19
81	921	0.28
81	221	0.42
82	288	0.51
82	931	0.93
82	389	0.20
82	871	0.84
82	779	0.14
82	152	0.94
82	594	0.40
82	275	0.27
82	663	0.24
82	632	0.75
83	965	0.21
83	838	0.71
83	842	0.41
83	720	0.58
83	217	0.66
83	441	0.41
83	293	0.77
84	481	0.78
84	194	0.74
84	995	0.03
84	676	0.78
84	934	0.03
84	849	0.35
84	976	0.98
84	689	0.20
84	883	0.34
84	184	0.26
84	189	0.99
85	352	0.72
85	237	0.50
85	781	0.69
85	146	0.97
85	310	0.11
85	185	0.18
85	349	0.66
86	387	0.07
86	230	0.35
86	524	0.03
86	394	0.30
86	428	0.41
86	783	0.88
86	535	0.57
86	985	0.33
86	111	0.96
87	514	0.47
87	967	0.64
87	424	0.56
87	782	0.82
87	565	0.99
87	374	0.58
88	634	0.28
88	300	0.63
88	318	0.97
88	927	0.37
89	776	0.68
89	299	0.51
89	268	0.66
89	781	0.32
89	661	0.60
89	859	0.41
89	415	0.17
90	929	0.49
90	354	0.87
90	233	0.56
90	490	0.80
90	812	0.16
90	112	0.07
90	145	0.62
90	595	0.06
90	342	0.85
90	669	0.29
90	991	0.51
91	832	0.16
91	339	0.17
91	161	0.88
91	681	0.76
91	426	0.21
91	371	0.59
91	150	0.80
91	489	0.72
91	473	0.77
91	571	0.18
91	924	0.30
92	907	0.72
92	997	0.74
92	523	0.24
92	347	0.81
92	285	0.14
93	552	0.84
93	285	0.39
93	400	0.68
93	411	0.76
93	893	0.60
94	241	0.17
94	232	0.54
94	522	0.95
94	685	0.96
94	463	0.84
94	529	0.63
94	789	0.05
94	476	0.76
94	254	0.09
95	324	0.62
95	456	0.60
95	650	0.32
95	911	0.48
95	721	0.78
95	348	0.10
96	512	0.93
96	230	0.20
96	551	0.42
96	183	0.66
96	974	0.54
96	470	0.03
96	535	0.14
96	633	0.12
96	442	0.58
96	155	0.98
96	573	0.96
96	798	0.62
97	609	0.95
97	738	0.64
97	804	0.82
97	710	0.24
97	614	0.83
97	338	0.25
97	403	0.71
97	500	0.32
97	407	0.03
97	229	0.06
98	545	0.05
98	869	0.47
98	266	0.31
98	556	0.11
98	110	0.15
98	115	0.68
98	919	0.09
98	251	0.87
98	700	0.63
98	158	0.34
98	863	0.47
99	998	0.52
99	646	0.72
99	649	0.09
99	108	0.06
99	818	0.10
99	659	0.61
99	277	0.01
100	930	0.71
100	419	0.22
100	163	0.64
100	211	0.36
100	715	0.09
100	723	0.45
100	951	0.60
100	922	0.69
100	635	0.38
100	863	0.31
101	772	0.34
101	167	0.57
101	845	0.82
101	759	0.70
101	388	0.12
101	987	0.76
101	892	0.50
101	542	0.20
102	545	0.86
102	869	0.39
102	231	0.13
102	778	0.23
102	140	0.52
102	919	0.52
102	377	0.85
102	251	0.71
102	700	0.58
102	266	0.58
103	480	0.63
103	902	0.75
103	587	0.31
103	431	0.74
103	498	0.53
103	697	0.73
103	988	0.14
103	733	0.42
104	324	0.40
104	805	0.75
104	650	0.40
104	692	0.31
104	983	0.12
104	248	0.86
104	698	0.10
104	926	0.58
105	641	0.63
105	291	0.69
105	933	0.88
105	454	0.18
105	422	0.36
105	905	0.26
105	816	0.62
105	914	0.33
105	727	0.51
105	664	0.53
105	474	0.96
105	892	0.99
105	253	0.15
106	897	0.69
106	667	0.57
106	166	0.14
106	615	0.76
106	138	0.17
106	429	0.17
106	118	0.52
106	379	0.80
106	124	0.72
107	336	0.29
107	578	0.41
107	643	0.98
107	997	0.50
107	487	0.63
107	651	0.00
107	834	0.89
107	493	0.14
107	560	0.97
107	695	0.05
107	175	0.64
108	998	0.20
108	649	0.12
108	659	0.07
108	375	0.93
108	792	0.91
108	287	0.02
109	768	0.59
109	325	0.81
109	433	0.60
109	968	0.14
109	361	0.16
109	880	0.39
109	712	0.15
109	788	0.67
109	981	0.80
109	444	0.31
109	477	0.20
110	865	0.26
110	219	0.96
110	545	0.39
110	919	0.86
110	556	0.76
110	115	0.83
110	852	0.01
110	597	0.92
110	694	0.91
110	791	0.14
110	251	0.24
110	700	0.77
110	158	0.72
111	387	0.23
111	230	0.28
111	551	0.70
111	428	0.47
111	524	0.38
111	783	0.29
111	470	0.55
111	535	0.26
111	985	0.46
111	442	0.38
111	155	0.33
112	929	0.08
112	450	0.10
112	171	0.62
112	519	0.38
112	145	0.70
112	233	0.75
112	354	0.89
112	812	0.47
112	909	0.98
112	430	0.79
112	209	0.55
112	402	0.47
112	595	0.53
112	631	0.19
112	734	0.95
112	991	0.38
113	448	0.25
113	322	0.11
113	775	0.10
113	808	0.26
113	490	0.68
113	957	0.42
113	595	0.88
113	342	0.90
113	669	0.91
114	483	0.72
114	932	0.18
114	585	0.05
114	269	0.68
114	623	0.98
114	817	0.79
114	533	0.78
114	793	0.88
114	831	0.27
115	865	0.12
115	219	0.15
115	545	0.85
115	140	0.96
115	919	0.73
115	556	0.64
115	852	0.90
115	597	0.56
115	694	0.52
115	791	0.32
115	251	0.28
115	700	0.24
116	327	0.05
116	679	0.33
116	337	0.08
116	564	0.65
116	345	0.18
117	613	0.85
117	648	0.00
117	554	0.44
117	398	0.62
117	239	0.90
117	752	0.95
117	725	0.70
117	918	0.86
117	120	0.22
117	282	0.19
117	234	0.78
118	385	0.55
118	260	0.05
118	166	0.16
118	897	0.50
118	425	0.77
118	810	0.22
118	304	0.87
118	124	0.82
118	138	0.93
118	670	0.18
119	976	0.15
119	688	0.31
119	223	0.42
120	707	0.60
120	613	0.48
120	398	0.66
120	725	0.37
120	287	0.94
120	318	0.68
120	927	0.30
121	123	0.78
121	423	0.04
121	200	0.37
121	395	0.30
121	435	0.42
121	149	0.17
121	376	0.52
121	891	0.73
121	135	0.40
122	593	0.46
122	588	0.84
122	815	0.36
123	384	0.86
123	263	0.98
123	308	0.52
123	376	0.67
124	385	0.71
124	166	0.54
124	897	0.14
124	425	0.57
124	138	0.08
124	615	0.40
124	304	0.45
124	670	0.09
125	674	0.90
125	773	0.31
125	966	0.31
125	295	0.32
125	459	0.88
125	590	0.64
125	943	0.90
125	531	0.74
125	335	0.02
125	252	0.80
126	624	0.82
126	386	0.91
126	245	0.00
126	417	0.76
126	168	0.48
126	686	0.49
126	688	0.60
126	718	0.46
126	223	0.08
126	989	0.44
126	799	0.77
127	960	0.75
127	640	0.96
127	198	0.30
127	742	0.51
127	906	0.03
127	971	0.71
127	332	0.95
127	467	0.01
127	916	0.91
127	447	0.58
128	935	0.62
128	786	0.79
128	917	0.52
128	154	0.42
128	794	0.47
128	509	0.05
128	895	0.17
129	912	0.40
129	705	0.87
129	301	0.78
129	214	0.28
129	269	0.23
130	966	0.57
130	295	0.85
130	335	0.51
130	531	0.50
130	943	0.10
130	829	0.61
130	574	0.28
131	645	0.48
131	267	0.71
131	305	0.90
131	212	0.72
131	983	0.70
131	248	0.68
131	698	0.67
131	862	0.54
131	805	0.52
132	640	0.29
132	682	0.49
132	971	0.85
132	467	0.16
132	787	0.84
132	728	0.82
132	284	0.44
132	447	0.92
133	420	0.65
133	904	0.01
133	329	0.99
133	683	0.34
133	206	0.95
133	567	0.26
133	761	0.22
133	315	0.57
133	893	0.97
133	766	0.35
134	739	0.36
134	581	0.11
134	325	0.92
134	433	0.25
134	815	0.11
134	561	0.43
134	213	0.44
134	216	0.73
134	569	0.23
134	255	0.12
134	351	0.72
135	416	0.92
135	262	0.71
135	423	0.87
135	854	0.77
135	376	0.67
135	891	0.39
136	833	0.15
136	706	0.07
136	309	0.16
136	479	0.82
137	840	0.10
137	763	0.43
137	414	0.27
137	455	0.18
137	599	0.19
138	897	0.61
138	290	0.28
138	667	0.64
138	615	0.64
138	429	0.28
138	379	0.84
139	295	0.62
139	935	0.86
139	590	0.21
139	531	0.05
139	307	0.81
139	148	0.30
139	252	0.13
140	545	0.16
140	869	0.02
140	231	0.73
140	778	0.36
140	919	0.68
140	377	0.90
140	251	0.36
140	700	0.96
140	266	0.23
141	356	0.60
141	709	0.09
141	647	0.46
141	296	0.39
141	236	0.85
141	941	0.43
141	691	0.49
141	980	0.39
141	182	0.01
141	381	0.31
142	457	0.72
142	236	0.85
142	709	0.21
143	936	0.91
143	492	0.49
143	188	0.11
143	868	0.13
143	199	0.45
144	417	0.44
144	386	0.89
144	168	0.96
144	258	0.08
144	365	0.60
144	881	0.21
144	245	0.75
144	823	0.58
144	601	0.72
145	929	0.69
145	354	0.53
145	519	0.05
145	233	0.45
145	812	0.84
145	430	0.25
145	334	0.72
145	631	0.18
145	991	0.89
146	352	0.30
146	807	0.79
146	776	0.40
146	781	0.95
146	237	0.78
146	310	0.45
146	185	0.65
146	349	0.77
147	520	0.25
147	460	0.99
147	410	0.36
147	780	0.49
147	319	0.20
148	935	0.62
148	264	0.01
148	531	0.11
148	307	0.62
148	917	0.71
149	423	0.19
149	200	0.09
149	395	0.82
149	654	0.59
149	784	0.00
149	435	0.70
149	180	0.80
149	878	0.88
149	472	0.16
150	832	0.85
150	321	0.60
150	681	0.34
150	758	0.02
150	265	0.81
150	344	0.59
150	473	0.71
150	924	0.99
151	521	0.23
151	954	0.65
151	314	0.17
151	174	0.00
151	369	0.62
152	288	0.16
152	871	0.10
152	553	0.33
152	594	0.56
152	275	0.62
152	246	0.82
152	632	0.44
153	672	0.03
153	777	0.01
153	716	0.91
153	845	0.14
153	302	0.32
153	693	0.05
153	159	0.78
153	542	0.97
153	501	0.89
154	678	0.11
154	622	0.82
154	946	0.29
154	563	0.43
154	500	0.58
154	794	0.95
154	509	0.66
154	895	0.24
155	512	0.04
155	230	0.97
155	551	0.92
155	974	0.69
155	627	0.80
155	470	0.39
155	535	0.44
156	802	0.30
156	484	0.16
156	903	0.58
156	714	0.16
156	171	0.30
156	205	0.28
156	430	0.62
156	402	0.30
156	292	0.30
156	334	0.09
156	631	0.01
156	708	0.23
157	800	0.60
157	705	0.71
157	633	0.32
157	951	0.65
157	621	0.43
157	221	0.66
157	912	0.03
157	370	0.61
157	181	0.78
157	214	0.59
157	921	0.62
157	952	0.59
157	985	0.81
157	442	0.08
157	183	0.87
157	573	0.83
157	222	0.70
158	711	0.66
158	528	0.07
158	600	0.90
158	251	1.00
158	863	0.84
159	672	0.92
159	716	0.99
159	845	0.35
159	208	0.33
159	530	0.15
159	501	0.18
159	630	0.60
159	506	0.65
160	673	0.81
160	226	0.02
160	835	0.22
160	225	0.11
160	872	0.43
160	591	0.44
160	611	0.20
160	596	0.11
160	436	0.10
161	576	0.19
161	681	0.32
161	462	0.65
161	473	0.50
161	924	0.02
161	350	0.73
162	352	0.59
162	807	0.68
162	781	0.66
162	173	0.15
162	185	0.65
162	380	0.21
162	191	0.27
163	930	0.06
163	715	0.56
163	211	0.71
163	249	0.25
163	377	0.27
163	635	0.04
164	392	0.19
164	786	0.37
164	523	0.88
165	882	0.70
165	764	0.48
166	897	0.63
166	260	0.30
166	385	0.06
166	425	0.76
166	810	0.62
166	654	0.57
166	304	0.69
166	887	0.17
166	472	0.97
166	670	0.97
167	772	0.77
167	777	0.06
167	619	0.22
167	302	0.20
167	923	0.88
167	542	0.92
168	417	0.40
168	386	0.27
168	258	0.11
168	686	0.43
168	881	0.59
168	245	0.36
168	989	0.88
168	799	0.34
169	794	0.72
170	257	0.31
170	803	0.89
170	198	0.84
170	742	0.99
170	361	0.01
170	906	0.95
170	724	0.63
170	981	0.64
170	284	0.47
170	444	0.64
170	925	0.71
171	802	0.84
171	708	0.53
171	519	0.93
171	714	0.98
171	909	0.18
171	430	0.83
171	205	0.57
171	240	0.97
171	402	0.21
171	334	0.86
171	631	0.42
171	292	0.70
171	734	0.41
172	716	0.65
172	396	0.12
172	845	0.26
172	825	0.85
172	506	0.83
172	190	0.06
173	380	0.53
173	271	0.23
174	970	0.21
174	369	0.06
174	824	0.51
174	217	0.46
174	842	0.56
175	578	0.68
175	643	0.89
175	997	0.47
175	487	0.20
175	651	0.17
175	834	0.98
175	493	0.96
176	515	0.01
176	513	0.24
176	306	1.00
176	915	0.37
176	252	0.79
177	873	0.91
177	525	0.36
177	910	0.93
177	913	0.82
177	596	0.49
177	297	0.23
177	537	0.14
177	827	0.43
177	990	0.82
178	736	1.00
178	801	0.20
178	518	0.08
178	359	0.56
178	745	0.67
178	300	0.13
178	984	0.30
178	378	0.35
178	894	0.29
179	514	0.89
179	364	0.41
179	461	0.02
179	272	0.74
179	565	0.73
179	281	0.34
179	570	0.28
179	955	0.72
179	250	0.30
180	385	0.59
180	260	0.35
180	200	0.39
180	425	0.74
180	395	0.31
180	654	0.68
180	435	0.42
180	878	0.24
180	887	0.55
180	472	0.05
180	670	0.17
181	800	0.16
181	705	0.09
181	633	0.94
181	428	0.38
181	535	0.50
181	793	0.40
181	912	0.27
181	370	0.04
181	222	0.19
181	214	0.75
181	921	0.56
181	952	0.89
181	985	0.84
181	442	1.00
181	183	0.31
181	573	0.46
181	798	0.12
182	356	0.22
182	709	0.17
182	647	0.04
182	296	0.60
182	457	0.53
182	980	0.78
182	796	0.89
182	381	0.08
183	800	0.79
183	512	0.33
183	932	0.69
183	230	0.23
183	633	0.06
183	535	0.08
183	793	0.59
183	974	0.45
183	370	0.28
183	222	0.14
183	921	0.44
183	952	0.88
183	985	0.00
183	442	0.62
183	573	0.08
183	798	0.48
184	769	0.92
184	995	0.46
184	453	0.06
184	486	0.21
184	689	0.23
184	491	0.65
184	204	0.97
184	559	0.80
184	849	0.43
184	979	0.30
184	468	0.53
184	760	0.22
184	604	0.70
184	189	0.65
185	352	0.82
185	807	0.22
185	776	0.08
185	237	0.58
185	781	0.31
186	480	0.59
186	448	0.86
186	431	0.00
186	438	0.89
186	697	0.50
187	271	0.72
187	268	0.53
187	195	0.13
187	703	0.68
188	999	0.85
188	936	0.39
188	393	0.18
188	298	0.64
188	199	0.79
188	492	0.61
188	201	0.79
189	194	0.17
189	995	0.18
189	453	0.83
189	849	0.50
189	883	0.13
189	468	0.27
190	675	0.87
190	743	0.44
190	855	0.87
190	311	0.90
190	825	0.06
191	352	0.62
191	380	0.20
191	807	0.54
192	864	0.03
192	961	0.09
192	320	0.18
192	412	0.24
192	701	0.92
193	224	0.63
193	483	0.15
193	618	0.82
193	847	0.29
193	499	0.26
193	533	0.02
193	831	0.88
194	468	0.91
194	883	0.72
194	820	0.23
195	898	0.49
195	549	0.16
195	623	0.14
195	755	0.44
195	271	0.47
195	703	0.09
196	548	0.95
196	332	0.01
196	589	0.34
196	471	0.29
196	507	0.45
197	993	0.35
197	349	0.99
197	726	0.57
197	401	0.99
198	960	0.42
198	803	0.09
198	742	0.18
198	968	0.71
198	361	0.83
198	906	0.38
198	916	0.13
198	981	0.69
198	788	0.72
198	444	0.22
198	925	0.44
199	499	0.28
199	868	0.80
199	502	0.97
200	260	1.00
200	423	0.86
200	395	0.69
200	654	0.12
200	784	0.09
200	435	0.35
200	878	0.42
200	472	0.19
201	393	0.16
201	492	0.82
201	550	0.34
201	999	0.02
202	771	0.12
202	757	0.16
202	341	0.60
202	517	0.46
203	937	0.68
203	747	0.45
203	443	0.60
203	397	0.42
204	769	0.02
204	453	0.10
204	486	0.85
204	491	0.88
204	559	0.47
204	849	0.72
204	979	0.83
204	503	0.55
204	760	0.16
204	505	0.19
204	604	0.57
205	802	0.40
205	708	0.48
205	903	0.09
205	714	0.68
205	519	0.34
205	430	0.12
205	402	0.16
205	334	0.85
205	631	0.19
205	292	0.46
205	734	0.43
206	994	0.12
206	904	0.52
206	329	0.07
206	276	0.83
206	958	0.48
206	567	0.92
206	761	0.82
206	315	0.81
206	766	0.34
207	508	0.80
207	994	0.63
207	876	0.80
207	874	0.49
208	672	0.30
208	546	0.11
208	716	0.75
208	846	0.87
208	530	0.45
208	506	0.23
208	637	0.25
208	478	0.92
209	450	0.86
209	519	0.11
209	843	0.59
209	909	0.15
209	687	0.18
209	402	0.25
209	734	0.64
210	304	0.28
210	901	0.63
210	744	0.31
210	810	0.31
210	784	0.67
210	756	0.46
210	888	0.85
210	313	0.35
210	602	0.06
210	731	0.68
210	636	0.19
210	670	0.21
211	962	0.09
211	715	0.25
211	930	0.22
211	249	0.17
211	377	0.09
211	635	0.57
212	962	0.95
212	645	0.68
212	844	0.01
212	305	0.75
212	469	0.36
212	698	0.42
212	926	0.71
213	739	0.34
213	325	0.70
213	561	0.45
213	843	0.52
213	240	0.17
213	465	0.17
213	433	0.36
213	216	0.85
213	569	0.34
213	255	0.88
214	800	0.78
214	705	0.20
214	419	0.69
214	633	0.38
214	912	0.55
214	370	0.24
214	951	0.80
214	952	0.99
214	921	0.78
214	221	0.96
214	222	0.66
215	480	0.64
215	737	0.80
215	587	0.99
215	498	0.59
215	438	0.73
215	697	0.92
215	475	0.22
215	733	0.49
216	739	0.46
216	325	0.90
216	433	0.79
216	240	0.84
216	465	0.35
216	561	0.12
216	569	0.45
216	255	0.71
217	838	0.36
217	842	0.81
217	720	0.81
217	824	0.72
217	441	0.50
218	289	0.91
218	294	0.29
218	362	0.61
218	908	0.38
218	496	0.17
218	243	0.13
218	445	0.92
218	959	0.84
219	711	0.98
219	875	0.69
219	556	0.89
219	852	0.97
219	597	0.15
219	694	0.91
219	791	0.91
219	607	0.09
220	940	0.77
220	853	0.03
220	950	0.60
220	543	0.87
221	800	0.13
221	419	0.59
221	621	0.62
221	528	0.89
221	370	0.79
221	723	0.30
221	951	0.61
221	952	0.23
221	921	0.62
222	800	0.70
222	512	0.57
222	230	0.48
222	535	0.87
222	428	0.50
222	621	0.95
222	921	0.84
222	370	0.54
222	633	0.85
222	952	1.00
222	985	0.42
222	442	0.81
222	573	0.48
222	798	0.40
223	417	0.56
223	686	0.11
223	624	0.35
223	245	0.85
223	989	0.94
223	799	0.45
224	227	0.81
224	618	0.82
224	847	0.08
224	499	0.59
224	502	0.13
224	831	1.00
225	226	0.70
225	611	0.42
225	872	0.74
225	365	0.52
225	591	0.50
225	436	0.00
225	823	0.24
225	601	0.21
226	673	0.91
226	835	0.37
226	872	0.61
226	591	0.32
226	611	0.32
226	596	0.97
226	436	0.84
227	555	0.75
227	847	0.26
227	499	0.94
227	415	0.30
228	536	0.04
228	395	0.65
228	541	0.12
229	609	0.29
229	547	0.23
229	582	0.71
229	494	0.23
229	977	0.19
229	434	0.32
229	403	0.13
229	884	0.90
229	986	0.84
230	512	0.10
230	387	0.86
230	551	0.33
230	428	0.07
230	974	0.82
230	470	0.83
230	535	0.49
230	985	0.81
230	442	0.14
230	573	0.54
230	798	0.46
231	545	0.62
231	869	0.45
231	778	0.13
231	377	0.93
231	251	0.37
231	700	0.96
231	266	0.17
232	241	0.49
232	522	0.06
232	685	0.71
232	463	0.46
232	529	0.80
232	789	0.20
232	476	0.70
232	254	0.69
233	929	0.38
233	450	0.62
233	519	0.03
233	490	0.45
233	354	0.36
233	595	0.84
233	342	0.27
233	669	0.21
233	991	0.16
234	554	0.88
234	398	0.15
234	239	0.38
234	752	0.68
234	918	0.26
234	282	0.78
234	298	0.98
235	963	0.92
235	617	0.79
235	879	0.53
235	978	0.92
235	628	0.90
235	954	0.64
236	709	0.93
236	296	0.11
236	457	0.52
236	980	0.04
236	381	0.31
237	352	0.40
237	776	0.59
237	299	0.39
237	781	0.75
237	661	0.30
237	310	0.39
237	859	0.83
238	704	0.41
238	464	0.94
238	539	0.12
238	489	0.17
238	973	0.29
238	975	0.63
238	944	0.24
238	432	0.12
238	948	0.58
238	758	0.09
238	856	0.04
238	571	0.46
239	547	0.20
239	613	0.19
239	752	0.11
239	451	0.69
239	884	0.13
239	918	0.47
239	282	0.49
240	292	0.24
240	561	0.95
240	843	0.18
240	909	0.52
240	465	0.19
240	402	0.52
240	569	0.94
240	734	0.90
240	255	0.28
241	522	0.87
241	685	0.78
241	463	0.04
241	789	0.77
241	476	0.98
242	896	0.21
242	449	0.71
242	945	0.62
242	406	0.99
242	665	0.79
242	827	0.45
242	956	0.84
243	289	0.80
243	294	0.90
243	456	0.65
243	362	0.42
243	496	0.77
243	445	0.04
243	959	0.72
244	992	0.02
244	704	0.54
244	489	0.96
244	426	0.66
244	333	0.07
244	975	0.68
244	339	0.16
244	437	0.83
244	571	0.82
245	417	0.21
245	386	0.02
245	686	0.36
245	624	0.39
245	718	0.64
245	989	0.76
245	799	0.05
246	648	0.25
246	553	0.31
246	554	0.91
246	620	0.20
246	632	0.39
246	634	0.44
247	642	0.91
247	868	0.97
247	618	0.10
247	427	0.61
247	502	0.54
247	663	0.98
247	857	0.55
247	831	0.18
248	805	0.17
248	650	0.98
248	267	0.57
248	719	0.06
248	305	0.12
248	606	0.51
248	983	0.19
248	698	0.44
248	862	0.39
249	962	0.88
249	355	0.89
249	844	0.93
249	469	0.29
249	377	0.60
249	635	0.32
249	638	0.54
250	323	0.89
250	710	0.64
250	614	0.27
250	364	0.73
250	461	0.96
250	272	0.58
250	403	0.23
250	440	0.71
250	281	0.36
250	570	0.44
250	955	0.18
250	668	0.30
251	545	0.13
251	930	0.19
251	869	0.48
251	266	0.70
251	377	0.57
251	635	0.89
251	700	0.84
251	863	0.29
252	513	0.05
252	674	0.97
252	295	0.36
252	307	0.51
252	590	0.65
252	306	0.45
252	915	0.82
253	641	0.85
253	675	0.10
253	388	0.41
253	422	0.76
253	743	0.02
253	291	0.48
253	727	0.13
253	664	0.42
253	346	0.26
253	892	0.40
254	516	0.79
254	458	0.19
254	463	0.27
254	848	0.21
254	529	0.50
254	568	0.82
254	603	0.59
254	828	0.99
255	739	0.16
255	561	0.10
255	843	0.00
255	465	0.66
255	569	0.90
256	866	0.94
256	259	0.40
256	391	0.97
256	811	0.40
256	482	0.67
256	942	0.49
256	303	0.84
256	785	0.30
257	803	0.80
257	742	0.64
257	906	0.80
257	811	0.56
257	303	0.45
257	816	0.71
257	259	0.23
257	724	0.18
257	284	0.75
257	925	0.52
258	386	0.98
258	525	0.72
258	913	0.14
258	601	0.78
258	990	0.10
259	640	0.17
259	482	0.39
259	391	0.30
259	682	0.10
259	811	0.73
259	942	0.46
259	303	0.68
259	785	0.45
259	724	0.49
259	284	0.21
260	385	0.85
260	425	0.13
260	810	0.74
260	654	0.56
260	304	0.22
260	784	0.21
260	435	0.87
260	878	0.65
260	887	0.84
260	472	0.97
260	670	0.50
261	484	0.24
261	292	0.02
261	714	0.77
261	343	0.69
261	708	0.84
261	538	0.51
261	767	0.42
262	416	0.88
262	384	0.58
262	263	0.34
262	690	0.12
262	308	0.55
262	854	0.00
262	376	0.08
262	891	0.25
263	416	0.86
263	384	0.02
263	690	0.24
263	308	0.75
263	376	0.19
263	891	0.21
264	972	0.01
264	307	0.27
264	885	0.85
264	540	0.50
265	832	0.85
265	321	0.34
265	681	0.45
265	655	0.54
265	432	0.61
265	344	0.25
265	948	0.20
265	758	0.24
265	489	0.50
265	856	1.00
265	473	0.18
265	924	0.11
266	545	0.17
266	869	0.39
266	778	0.12
266	919	0.84
266	377	0.50
266	635	0.29
266	700	0.65
267	805	0.90
267	719	0.81
267	305	0.08
267	606	0.40
267	790	0.14
267	983	0.47
267	698	0.15
267	861	0.17
267	862	0.92
268	755	0.28
269	932	0.00
269	427	0.13
269	301	0.23
269	912	0.06
269	817	0.94
269	793	0.82
270	937	0.23
270	341	0.07
270	382	0.69
271	703	0.31
272	710	1.00
272	614	0.64
272	364	0.09
272	461	0.07
272	403	0.55
272	281	0.22
272	570	0.09
272	955	0.62
272	668	0.77
273	762	0.31
273	340	0.89
273	383	0.50
274	801	0.43
274	900	0.87
274	326	0.79
274	359	0.23
274	745	0.96
274	300	0.95
274	813	0.08
274	612	0.70
274	822	0.16
274	953	0.82
275	288	0.24
275	779	0.69
275	463	0.67
275	529	0.91
275	789	0.65
275	632	0.95
275	603	0.77
275	476	0.94
276	994	0.28
276	420	0.15
276	329	0.17
276	761	0.54
276	315	0.63
276	958	0.11
277	546	0.44
277	998	0.77
277	646	0.25
277	584	0.02
277	818	0.80
277	630	0.10
278	515	0.50
278	729	0.27
278	699	0.60
278	662	0.51
279	452	0.91
279	390	0.86
279	520	0.75
279	460	0.90
279	780	0.46
279	558	0.57
279	656	0.99
279	319	0.87
279	317	0.41
279	671	0.44
280	676	0.79
280	934	0.78
280	883	0.12
280	820	0.06
280	566	0.75
280	541	0.33
281	364	0.05
281	461	0.37
281	592	0.90
281	977	0.20
281	668	0.19
282	547	0.21
282	363	0.97
282	752	0.72
282	884	0.25
282	918	0.47
283	804	0.40
283	678	0.21
283	338	0.61
283	946	0.69
283	500	0.02
283	885	0.66
283	407	0.03
283	830	0.82
284	640	0.07
284	742	0.96
284	906	0.62
284	971	0.12
284	724	0.51
284	925	0.69
284	447	0.64
285	997	0.38
285	487	0.93
285	907	0.30
285	695	0.78
285	411	0.92
286	320	0.37
286	835	0.65
286	586	0.65
286	717	0.37
287	707	0.48
287	613	0.03
287	725	0.74
287	375	0.69
288	931	0.68
288	389	0.44
288	871	0.96
288	779	0.95
288	594	0.98
288	789	0.24
288	663	0.42
288	632	0.67
289	294	0.03
289	362	0.08
289	496	0.77
289	445	0.47
289	959	0.16
290	928	0.51
290	379	0.73
290	677	0.45
290	429	0.03
290	406	0.34
290	667	0.26
290	956	0.21
290	765	0.17
291	641	0.34
291	422	0.82
291	358	0.72
291	743	0.39
291	337	0.94
291	727	0.83
291	664	0.35
291	345	0.69
291	346	0.60
292	802	0.50
292	708	0.43
292	714	0.96
292	909	1.00
292	430	0.24
292	465	0.86
292	402	0.70
292	631	0.87
292	734	0.45
293	965	0.67
293	838	0.81
293	331	0.06
294	580	0.63
294	362	0.23
294	908	0.92
294	445	0.72
294	959	0.23
295	966	0.49
295	590	0.91
295	335	0.06
295	531	0.17
295	574	0.24
296	356	0.18
296	709	0.61
296	457	0.73
296	941	0.79
296	691	0.97
296	980	0.00
296	381	0.34
297	357	0.19
297	328	0.70
297	873	0.80
297	525	0.45
297	910	0.36
297	945	0.08
297	537	0.59
297	827	0.32
297	797	0.95
298	936	1.00
298	620	0.95
298	554	0.57
298	492	0.26
298	393	0.71
299	776	0.30
299	850	0.34
299	661	0.13
299	859	0.48
299	415	0.42
300	736	0.48
300	801	0.79
300	518	0.30
300	359	0.26
300	745	0.47
300	378	0.81
301	522	0.18
301	427	0.57
302	772	0.03
302	777	0.91
302	619	0.90
302	845	0.01
302	526	0.74
302	693	0.21
302	542	0.23
303	866	0.19
303	391	0.15
303	905	0.42
303	811	0.85
303	942	0.70
303	816	0.96
303	785	0.72
303	914	0.11
303	724	0.66
303	474	0.97
304	385	0.87
304	744	0.09
304	425	0.87
304	810	0.21
304	654	0.74
304	784	0.87
304	472	0.79
304	756	0.31
304	888	0.12
304	313	0.11
304	602	0.72
304	636	0.33
304	670	0.33
305	645	0.30
305	844	0.71
305	469	0.74
305	790	0.41
305	983	0.83
305	698	0.72
305	316	0.11
306	513	0.94
306	674	0.74
306	459	0.66
306	590	0.53
306	915	0.98
306	413	0.72
307	590	0.45
308	416	0.06
308	384	0.66
308	376	0.84
308	891	0.80
309	706	0.18
309	662	0.32
309	479	0.42
310	352	0.79
310	993	0.82
310	806	0.43
310	349	0.28
311	327	0.64
311	675	0.58
311	358	0.92
311	743	0.96
311	679	0.36
311	337	0.38
311	855	0.88
311	345	0.05
311	511	0.06
312	390	0.16
312	746	0.81
312	780	0.36
312	656	0.93
312	340	0.63
312	696	0.75
312	317	0.45
312	671	0.27
313	336	0.09
313	901	0.84
313	744	0.29
313	652	0.91
313	560	0.81
313	756	0.94
313	888	0.01
313	602	0.80
313	731	0.93
313	636	0.98
314	521	0.95
314	557	0.12
314	369	0.83
315	994	0.22
315	420	0.00
315	904	0.91
315	329	0.77
315	770	0.10
315	958	0.92
315	567	0.41
315	761	0.38
315	766	0.76
316	355	0.82
316	469	0.29
316	790	0.97
316	861	0.07
317	452	0.66
317	390	0.49
317	520	0.95
317	460	0.05
317	746	0.62
317	780	0.57
317	656	0.76
317	319	0.45
317	671	0.10
318	707	0.23
318	398	0.31
318	725	0.85
318	927	0.98
319	452	0.72
319	520	0.40
319	780	0.89
319	460	0.45
319	558	0.91
319	368	0.92
320	737	0.51
320	586	0.44
320	475	0.34
320	412	0.47
320	701	0.10
321	832	0.67
321	681	1.00
321	655	0.26
321	432	0.65
321	344	0.87
321	948	0.43
321	758	0.48
321	856	0.17
321	473	0.34
321	826	0.71
321	367	0.63
321	924	0.11
322	448	0.94
322	775	0.04
322	717	0.29
322	605	0.10
322	475	0.66
322	957	0.26
323	738	0.67
323	579	0.71
323	710	0.46
323	614	0.88
323	488	0.67
323	782	0.34
323	424	0.31
323	563	0.99
323	565	0.42
323	439	0.97
323	440	0.66
323	570	0.27
323	955	0.12
324	456	0.68
324	650	0.42
324	721	0.35
324	692	0.87
324	348	0.12
325	768	1.00
325	561	0.88
325	712	0.15
325	880	0.84
325	433	0.19
326	900	0.91
326	330	0.30
326	813	0.13
326	612	0.47
326	949	0.79
326	953	0.46
326	478	0.14
327	964	0.39
327	358	0.02
327	679	0.08
327	855	0.74
327	996	0.60
327	511	0.13
328	961	0.20
328	357	0.42
328	873	0.85
328	367	0.43
328	537	0.93
328	826	0.81
328	797	0.49
329	994	0.96
329	420	0.62
329	904	0.85
329	770	0.16
329	567	0.37
329	761	0.50
329	958	0.23
330	900	0.08
330	396	0.23
330	813	0.15
330	527	0.73
330	612	0.49
330	949	0.89
330	953	0.41
330	478	0.18
331	455	0.80
331	941	0.28
331	399	0.75
331	691	0.91
331	599	0.41
331	763	0.21
332	960	0.38
332	548	0.44
332	916	0.88
332	507	0.84
333	992	0.61
333	704	0.97
333	339	0.43
333	489	0.68
333	426	0.61
333	371	0.45
333	437	0.54
333	571	0.47
333	735	0.50
334	802	0.87
334	708	0.02
334	903	0.85
334	714	0.21
334	430	0.08
334	631	0.54
335	674	0.22
335	773	0.59
335	966	0.91
335	459	0.21
335	590	0.12
335	943	0.93
335	531	0.92
335	409	0.50
336	834	0.96
336	643	0.37
336	901	0.39
336	744	0.59
336	560	0.61
336	372	0.79
336	695	0.61
336	888	0.52
336	572	0.45
337	641	0.11
337	836	0.97
337	358	0.64
337	679	0.15
337	743	0.53
337	664	0.17
337	345	0.95
337	346	0.87
338	804	0.14
338	678	0.50
338	500	0.42
338	982	0.45
338	407	0.40
338	830	0.16
339	489	0.99
339	426	0.36
339	371	0.34
339	437	0.55
339	571	0.49
339	735	0.00
340	746	0.22
340	762	0.11
340	383	0.38
341	771	0.16
341	382	0.13
342	808	0.37
342	490	0.76
342	669	0.54
342	595	0.18
342	957	0.12
343	418	0.74
343	968	0.32
343	916	0.88
343	538	0.94
343	767	0.40
344	832	0.74
344	681	0.34
344	665	0.09
344	473	0.54
344	924	0.56
345	641	0.14
345	836	0.56
345	358	0.13
345	679	0.63
345	743	0.98
345	664	0.85
345	346	0.20
346	641	0.17
346	836	0.70
346	358	0.69
346	743	0.32
346	664	0.90
347	683	0.35
347	420	0.91
347	829	0.02
348	721	0.30
348	692	0.23
348	949	0.42
349	993	0.85
349	657	0.24
349	405	0.81
350	576	0.16
350	839	0.59
350	967	0.52
350	684	0.08
350	626	0.73
350	462	0.06
350	722	1.00
350	373	0.15
351	353	0.23
351	739	0.42
351	581	0.74
351	841	0.01
351	815	0.50
352	807	0.57
352	781	0.73
352	380	0.40
353	581	0.17
353	841	0.84
353	619	0.32
353	526	0.06
353	815	0.38
353	497	0.78
353	466	0.61
353	693	0.74
353	666	0.24
354	929	0.29
354	450	0.24
354	519	0.83
354	812	0.06
354	430	0.93
354	595	0.73
354	631	0.95
354	669	0.84
354	991	0.73
355	598	0.94
355	638	0.45
356	647	0.74
356	941	0.37
356	980	0.81
356	796	0.69
356	381	0.35
357	961	0.32
357	873	0.51
357	596	0.84
357	537	0.61
357	412	0.42
357	797	0.37
358	641	0.53
358	675	0.11
358	743	0.45
358	679	0.22
358	855	0.44
359	801	0.76
359	900	0.06
359	745	0.93
359	813	0.23
359	612	0.56
359	953	0.81
360	550	0.10
360	363	0.05
360	510	0.37
360	889	0.72
360	702	0.43
361	803	0.63
361	742	0.35
361	968	0.90
361	477	0.54
361	712	0.55
361	788	0.86
361	981	0.81
361	444	0.15
361	925	0.63
362	496	0.93
362	445	0.63
362	959	0.42
363	547	0.40
363	550	0.28
363	752	0.52
363	702	0.66
364	461	0.79
364	592	0.34
364	730	0.14
364	735	0.40
364	668	0.04
364	639	0.61
365	872	0.86
365	591	0.79
365	436	0.04
365	823	0.82
365	601	0.66
366	971	0.71
366	467	0.39
366	754	0.96
366	787	0.04
366	660	0.76
366	728	0.26
366	732	0.69
367	961	0.78
367	826	0.74
367	655	0.56
368	452	0.17
368	555	0.80
368	558	0.45
368	850	0.91
368	795	0.65
369	521	0.17
369	970	0.80
370	800	0.46
370	428	0.45
370	535	0.11
370	524	0.13
370	621	0.03
370	921	0.49
370	633	0.38
370	952	0.62
370	985	0.50
370	442	0.00
370	573	0.27
370	798	0.20
371	426	0.52
371	373	0.35
372	901	0.27
372	423	0.10
372	695	0.98
372	411	0.46
372	572	0.02
373	576	0.04
373	514	0.60
373	967	0.74
373	722	0.11
373	374	0.07
374	514	0.71
374	967	0.79
374	424	0.51
374	782	0.69
374	565	0.60
375	998	0.25
375	649	0.51
375	659	0.14
375	792	0.72
376	416	0.97
376	384	0.59
376	690	0.42
376	891	0.97
377	545	0.10
377	930	0.00
377	869	0.75
377	778	0.61
377	635	0.96
377	700	0.87
378	736	0.59
378	518	0.93
378	553	0.78
378	984	0.18
378	634	0.83
378	894	0.00
379	928	0.40
379	677	0.18
379	429	0.62
379	406	0.29
379	667	0.07
379	956	0.49
380	807	0.22
381	709	0.73
381	941	0.96
381	691	0.98
381	980	0.59
382	937	0.92
382	414	0.12
383	762	0.25
384	891	0.91
385	897	0.90
385	425	0.53
385	810	0.02
385	654	0.93
385	878	0.90
385	887	0.18
385	472	0.40
385	670	0.05
386	417	0.00
386	686	0.22
386	624	0.31
386	881	0.87
386	823	0.59
386	989	0.06
387	512	0.43
387	428	0.42
387	524	0.06
387	783	0.98
387	470	0.71
387	535	0.72
387	985	0.14
387	442	0.09
388	759	0.36
388	727	0.38
388	987	0.30
388	892	0.20
389	868	0.37
389	871	0.49
389	620	0.93
389	594	0.91
389	663	0.96
389	632	0.60
390	460	0.05
390	746	0.55
390	780	0.23
390	656	0.80
390	696	0.54
390	671	0.60
391	866	0.20
391	811	0.10
391	482	0.85
391	942	0.76
391	785	0.49
392	523	0.07
392	574	0.63
393	550	0.72
393	999	0.19
393	936	0.49
393	492	0.62
393	752	0.85
394	616	0.46
394	625	0.01
394	524	0.04
394	783	0.51
395	654	0.93
395	472	0.57
395	878	0.05
395	536	0.39
396	506	0.85
396	478	0.48
397	455	0.12
397	937	0.76
397	747	0.53
397	399	0.73
397	599	0.50
397	443	0.91
397	414	0.10
398	613	0.99
398	648	0.83
398	554	0.42
398	725	0.19
399	763	0.67
399	455	0.58
399	941	0.80
399	691	0.54
399	599	0.55
399	443	0.75
400	867	0.93
400	552	0.50
400	854	0.49
400	411	0.64
400	893	0.87
401	978	0.08
401	557	0.04
401	726	0.16
401	879	0.00
402	802	0.49
402	708	0.16
402	519	0.59
402	714	0.69
402	909	0.42
402	430	0.03
402	450	0.64
402	465	0.65
402	631	0.49
402	734	0.02
403	609	0.82
403	614	0.74
403	582	0.23
403	710	0.75
403	977	0.22
403	434	0.63
403	570	0.34
404	608	0.93
404	899	0.10
404	588	0.55
404	973	0.14
404	902	0.92
405	657	0.26
405	410	0.72
406	896	0.21
406	449	0.72
406	615	0.79
406	429	0.37
406	667	0.79
406	956	0.36
407	738	0.75
407	804	0.54
407	678	0.31
407	500	0.13
407	982	0.17
408	770	0.44
408	420	0.31
408	409	0.87
408	508	0.81
408	829	0.38
409	773	0.31
409	966	0.97
409	943	0.76
409	508	0.80
410	833	0.63
410	657	0.86
411	572	0.48
411	695	0.14
412	873	0.18
412	586	0.97
412	596	0.76
412	797	0.01
413	674	0.73
413	773	0.68
413	459	0.73
413	504	0.25
414	455	0.11
414	840	0.28
414	937	0.62
414	599	0.97
414	443	0.70
415	776	0.04
415	555	0.89
415	850	0.03
415	661	0.57
415	859	0.65
416	867	0.83
416	690	0.79
416	854	0.98
416	891	0.64
417	686	0.08
417	624	1.00
417	881	0.47
417	989	0.35
417	799	0.72
418	484	0.13
418	538	0.23
418	446	0.79
418	767	0.82
419	705	0.47
419	715	0.49
419	723	0.13
419	951	0.22
419	952	0.06
419	922	0.90
419	860	0.71
420	994	0.82
420	683	0.77
420	770	0.80
420	761	0.86
420	829	0.12
421	451	0.19
421	740	0.31
421	485	0.55
421	582	0.69
421	494	0.04
421	495	0.72
421	977	0.77
421	434	0.59
421	884	0.93
421	986	0.79
422	641	0.73
422	933	0.63
422	454	0.81
422	905	0.67
422	816	0.48
422	914	0.95
422	727	0.75
422	664	0.74
422	474	0.02
422	892	0.49
423	784	0.47
423	435	0.16
423	572	0.65
424	514	0.83
424	782	0.79
424	565	0.80
424	440	0.79
424	955	0.45
425	897	0.78
425	810	0.42
425	654	0.29
425	878	0.82
425	887	0.65
425	472	0.75
425	670	0.47
426	571	0.33
426	489	0.78
426	437	0.02
427	642	0.23
427	522	0.18
427	857	0.43
428	800	0.08
428	524	0.36
428	621	0.11
428	783	0.88
428	921	0.49
428	535	0.53
428	985	0.59
428	442	0.24
429	449	0.41
429	615	0.72
429	667	0.64
429	956	0.21
430	929	0.27
430	802	0.97
430	519	0.39
430	714	0.01
430	631	0.98
430	734	0.93
431	480	0.84
431	687	0.34
431	498	0.33
431	438	0.82
431	697	0.69
431	988	0.65
432	644	0.40
432	655	0.42
432	944	0.53
432	948	0.73
432	758	0.52
432	856	0.20
432	975	0.16
432	575	0.03
433	768	0.61
433	880	0.33
433	561	0.24
434	609	0.95
434	547	0.98
434	582	0.46
434	494	0.25
434	495	0.67
434	977	0.89
434	451	0.92
434	884	0.91
434	986	0.25
435	810	0.84
435	878	0.69
435	784	0.76
435	472	0.19
435	654	0.75
435	888	0.50
435	602	0.78
435	636	0.67
435	670	0.74
436	673	0.98
436	611	0.06
436	872	0.90
436	591	0.78
436	596	1.00
436	601	0.35
437	992	0.25
437	704	0.42
437	571	0.21
437	735	0.83
438	480	0.07
438	737	0.77
438	587	0.65
438	498	0.51
438	448	0.83
438	697	0.51
438	733	0.99
439	738	0.41
439	579	0.24
439	710	0.39
439	614	0.05
439	488	0.97
439	622	0.74
439	563	0.42
439	782	0.35
439	440	0.16
439	570	0.48
439	955	0.81
440	514	0.69
440	579	0.58
440	710	0.81
440	614	0.61
440	488	0.98
440	782	0.52
440	563	0.64
440	565	0.70
440	570	0.33
440	955	0.44
441	965	0.07
441	838	0.30
441	583	0.23
441	969	0.93
441	751	0.53
441	882	0.72
441	713	0.73
442	512	0.80
442	524	0.65
442	535	0.32
442	921	0.91
442	800	0.93
442	798	0.75
442	573	0.99
442	974	0.49
442	470	0.32
442	985	0.63
442	633	0.02
443	455	0.79
443	937	0.87
443	747	0.29
443	599	0.91
444	803	0.88
444	742	0.59
444	712	0.44
444	814	0.98
444	477	0.66
444	788	0.53
444	981	0.58
444	925	0.16
445	496	0.90
446	484	0.01
446	903	0.76
447	960	0.76
447	640	0.29
447	906	0.57
447	971	0.36
447	467	0.56
447	787	0.02
447	728	0.37
448	480	1.00
448	775	0.01
448	490	0.98
448	605	0.57
449	896	0.33
449	741	0.99
449	774	0.51
449	615	0.05
450	519	0.76
450	909	0.89
450	687	0.59
450	734	0.21
451	547	0.50
451	740	0.37
451	485	0.48
451	582	0.97
451	494	0.06
451	495	0.45
451	977	0.65
451	884	0.90
451	986	0.73
452	520	0.48
452	780	0.64
452	460	0.75
452	558	0.34
453	769	0.31
453	486	0.12
453	491	0.41
453	559	0.59
453	849	0.78
453	468	0.70
453	760	0.32
453	604	0.01
454	905	0.79
454	814	0.79
454	816	0.05
454	759	0.36
454	892	0.52
455	840	0.12
455	599	0.17
455	763	1.00
456	650	0.30
456	908	0.95
456	911	0.93
456	721	0.04
457	709	0.43
458	516	0.56
458	463	0.69
458	848	0.29
458	529	0.82
458	886	0.13
458	568	0.16
458	603	0.18
458	828	0.60
459	674	0.99
459	773	0.78
459	590	0.55
460	520	0.99
460	780	0.55
460	671	0.05
461	955	0.39
461	668	0.11
461	570	0.98
462	576	0.28
462	839	0.27
462	684	0.25
462	722	0.65
463	931	0.23
463	779	0.83
463	685	0.20
463	529	0.53
463	789	0.18
463	476	0.52
464	577	0.66
464	975	0.67
464	653	0.33
464	973	0.66
464	944	0.85
464	539	0.73
465	739	0.49
465	843	0.94
465	909	0.41
465	561	0.94
465	569	0.83
465	734	0.24
466	619	0.36
466	526	0.91
466	497	0.19
466	562	0.07
466	693	0.67
466	666	0.26
467	640	0.92
467	971	0.28
467	787	0.68
467	660	0.31
467	728	0.89
468	491	0.34
469	962	0.58
469	645	0.74
469	844	0.58
469	790	0.44
470	512	0.34
470	551	0.26
470	974	0.65
470	535	0.62
471	548	0.67
471	589	0.64
471	507	0.61
472	810	0.33
472	878	0.05
472	784	0.41
472	654	0.42
472	636	0.18
472	670	0.40
473	832	0.60
473	758	0.35
473	681	0.88
473	924	0.30
474	866	0.99
474	933	0.95
474	905	0.17
474	942	0.54
474	816	0.78
474	785	0.69
474	914	0.72
474	629	0.69
474	664	0.09
475	737	0.22
475	586	0.04
475	717	0.57
475	605	0.63
476	931	0.08
476	522	0.30
476	779	0.57
476	685	0.37
476	529	0.22
476	789	0.64
477	768	0.89
477	803	0.91
477	712	0.99
477	814	0.08
477	880	0.31
477	788	0.71
478	900	0.24
478	953	0.15
478	506	0.31
479	833	0.15
479	706	0.79
479	963	0.38
479	617	0.21
479	628	0.62
480	737	0.67
480	587	0.17
480	498	0.21
480	697	0.25
480	733	0.18
481	995	0.31
481	676	0.93
481	837	0.29
481	934	0.78
481	680	0.44
481	938	0.90
481	688	0.99
481	689	0.64
481	883	0.06
482	866	0.50
482	811	0.41
482	942	0.92
482	785	0.70
482	629	0.39
483	932	0.81
483	585	0.32
483	623	0.91
483	817	0.44
483	755	0.07
483	533	0.13
483	831	0.10
484	802	0.65
484	708	0.09
484	903	0.02
484	714	0.04
484	538	0.89
484	767	0.75
485	740	0.51
485	494	0.93
485	495	0.73
485	592	0.39
485	977	0.40
486	769	0.04
486	610	0.93
486	491	0.57
486	559	0.00
486	849	0.45
486	979	0.53
486	503	0.55
486	760	0.95
486	505	0.81
486	604	0.91
487	834	0.39
487	643	0.29
487	651	0.30
487	997	0.47
487	907	0.44
487	578	0.40
487	493	0.70
487	695	1.00
488	738	0.11
488	579	0.40
488	804	0.81
488	710	0.01
488	614	0.52
488	622	0.05
488	563	0.90
488	500	0.51
488	570	0.52
488	955	0.72
489	704	0.52
489	975	0.19
489	681	0.87
489	571	0.93
490	775	0.29
490	808	0.93
490	957	0.47
490	595	0.95
490	669	0.98
491	769	0.83
491	559	0.77
491	760	0.32
491	604	0.85
492	999	0.98
492	936	0.19
493	578	0.19
493	651	0.17
493	997	0.99
493	523	0.86
494	547	0.18
494	740	0.36
494	582	0.32
494	495	0.27
494	977	0.79
494	884	0.39
494	986	0.12
495	740	0.69
495	613	0.77
495	582	0.38
495	977	0.27
495	884	0.76
495	986	0.91
497	526	0.70
497	562	0.58
497	693	0.27
497	666	0.42
498	902	0.91
498	587	0.05
498	697	0.71
498	988	0.89
498	733	0.85
499	868	0.05
499	618	0.36
499	847	0.90
499	502	0.71
500	738	0.14
500	804	0.54
500	678	0.75
500	622	0.35
500	946	0.48
501	672	0.48
501	584	0.45
501	562	0.64
501	693	0.36
501	630	0.53
502	868	0.07
502	618	0.33
503	769	0.74
503	610	0.78
503	559	0.11
503	979	0.67
503	760	0.09
503	505	0.79
503	604	0.65
504	840	0.32
504	517	0.85
505	769	0.71
505	610	0.08
505	979	0.05
505	760	0.31
505	604	0.97
506	716	0.99
506	845	0.99
506	530	0.02
507	548	0.58
508	874	0.48
508	876	0.82
508	757	1.00
509	786	0.35
509	946	0.19
509	794	0.32
509	895	0.47
510	982	0.73
510	889	0.10
510	702	0.46
511	675	0.34
511	964	0.22
511	527	0.45
511	855	0.27
511	996	0.13
512	551	0.65
512	535	0.22
512	974	0.68
512	633	0.65
512	985	0.86
512	573	0.91
512	798	0.80
513	674	0.69
513	915	0.39
514	782	0.39
514	565	0.61
514	955	1.00
515	729	0.40
516	848	0.17
516	886	0.08
516	568	0.06
516	603	0.65
516	828	0.67
516	894	0.50
517	771	0.75
517	773	0.03
517	840	0.81
518	736	0.53
518	801	0.10
518	745	0.83
518	984	0.37
518	894	0.34
519	929	0.38
519	909	0.76
519	631	0.43
519	734	0.35
519	991	0.23
520	780	0.33
520	558	0.38
520	671	0.44
521	954	0.54
522	685	0.42
523	997	0.83
523	907	0.37
524	621	0.11
524	535	0.98
524	985	0.22
524	783	0.52
525	910	0.79
525	913	0.10
525	601	0.24
525	827	0.19
525	990	0.50
526	841	1.00
526	619	0.91
526	777	0.73
526	666	0.40
526	693	0.19
527	890	0.72
527	964	0.70
528	711	0.95
528	621	0.95
528	723	0.62
528	951	0.72
528	600	0.60
528	863	0.34
529	931	0.77
529	779	0.23
529	685	0.80
529	789	0.37
530	672	0.82
530	546	0.60
530	716	0.10
530	846	0.54
530	637	0.55
531	966	0.32
531	935	0.02
531	590	0.52
531	917	0.87
531	574	0.65
532	962	0.25
532	870	0.70
532	715	0.20
532	844	0.21
532	851	0.18
532	922	0.57
533	932	0.43
533	585	0.15
533	623	0.25
533	817	0.28
533	755	0.92
533	831	0.57
534	748	0.15
534	853	0.59
534	950	0.64
535	798	0.06
535	800	0.12
535	551	0.45
535	573	0.17
535	974	0.96
535	985	0.91
535	633	0.27
536	541	0.45
537	910	0.71
537	945	0.21
537	827	0.72
537	797	0.55
538	968	0.01
538	916	0.29
538	767	0.89
539	608	0.85
539	577	0.13
539	653	0.35
539	973	0.30
539	944	0.60
539	975	0.52
540	972	0.40
540	885	0.29
540	762	0.64
541	820	0.83
542	772	0.93
542	777	0.48
542	845	0.31
542	987	0.05
543	584	0.16
543	950	0.05
544	682	0.78
544	787	0.73
545	869	0.47
545	778	0.22
545	919	0.45
545	700	0.38
545	863	0.46
546	672	0.34
546	646	0.27
546	584	0.51
546	846	0.70
546	818	0.73
546	630	0.33
546	637	0.72
547	582	0.74
547	752	0.79
547	884	0.58
547	918	0.71
547	986	0.95
548	916	0.77
549	898	0.01
549	932	0.25
549	585	0.30
549	623	0.09
549	703	0.33
550	999	0.14
550	889	0.51
550	702	0.09
551	974	0.76
551	627	0.05
552	867	0.89
552	904	0.60
552	893	0.98
552	567	0.80
552	766	0.32
553	648	0.98
553	632	0.38
553	984	0.18
553	634	0.29
554	648	0.47
554	620	0.03
555	850	0.66
555	661	0.99
555	795	0.92
556	865	0.01
556	919	0.05
556	875	0.92
556	852	0.34
556	597	0.94
556	694	0.32
556	791	0.28
556	700	0.99
557	879	0.75
557	978	0.52
557	726	0.52
557	954	0.13
558	780	0.65
559	769	0.76
559	760	0.62
559	604	0.66
560	834	0.41
560	643	0.61
560	901	0.58
560	744	0.02
560	819	0.21
560	695	0.12
560	888	0.78
560	602	0.66
560	731	0.25
560	572	0.13
561	739	0.94
561	581	0.60
561	843	0.47
561	569	0.72
562	672	0.34
562	950	0.65
562	584	0.99
562	693	0.33
562	630	0.47
562	666	0.37
563	738	0.30
563	579	0.27
563	622	0.27
563	895	0.25
564	836	0.96
564	679	0.23
565	782	0.28
565	570	0.53
565	955	0.34
566	676	0.92
566	934	0.38
566	938	0.16
566	883	0.86
566	858	0.85
567	904	0.29
567	683	0.54
567	893	0.53
567	766	0.22
568	848	0.36
568	692	0.26
568	886	0.86
568	828	0.44
568	926	0.04
569	739	0.94
569	843	0.06
569	687	0.19
570	738	0.72
570	579	0.26
570	710	0.44
570	614	0.70
570	782	0.23
570	955	0.73
571	992	0.54
571	704	0.87
571	975	0.39
572	901	0.13
572	695	0.15
572	888	0.86
573	800	0.96
573	932	0.04
573	633	0.61
573	793	0.25
573	974	0.83
573	921	0.12
573	952	0.13
573	985	0.04
573	798	0.89
574	966	0.51
574	935	0.07
574	917	0.37
575	864	0.53
575	608	0.01
575	644	0.33
575	655	0.33
575	944	0.68
575	658	0.23
575	948	0.70
575	856	0.79
576	722	0.25
577	973	0.11
577	653	0.60
577	853	0.77
578	834	0.96
578	651	0.48
578	997	0.80
578	643	0.75
579	738	0.16
579	622	0.09
579	782	0.86
579	955	0.15
580	908	0.01
580	719	0.76
580	862	0.87
580	606	0.53
580	959	0.94
581	739	0.97
581	841	0.23
581	815	0.70
582	609	0.56
582	977	1.00
582	884	0.13
582	986	0.45
583	965	0.55
583	838	0.13
583	969	0.48
583	939	0.79
583	750	0.56
583	751	0.83
583	882	0.04
583	947	0.78
583	713	0.03
583	764	0.50
584	950	0.25
584	646	0.56
584	630	0.26
585	898	0.87
585	932	0.91
585	623	0.80
585	817	0.91
585	793	0.28
585	798	0.06
586	717	0.13
587	737	0.89
587	902	0.90
587	658	0.62
587	697	0.61
587	733	0.76
588	593	0.94
588	899	0.09
590	674	0.83
590	966	0.21
590	915	0.41
591	611	0.37
591	872	0.03
591	823	0.27
591	601	0.72
592	730	0.16
592	668	0.22
592	639	0.09
593	815	0.01
594	871	0.06
594	620	0.80
594	663	0.44
594	632	0.51
595	929	0.55
595	669	0.18
595	991	0.67
596	611	0.45
596	873	0.73
596	601	0.02
596	797	0.41
597	711	0.96
597	625	0.73
597	852	0.38
597	791	0.32
597	607	0.95
598	638	0.96
599	763	0.71
600	711	0.03
600	621	0.04
600	625	0.95
601	611	0.20
601	872	0.58
601	913	0.04
601	823	0.09
602	901	0.14
602	744	0.49
602	810	0.65
602	784	0.98
602	756	0.03
602	888	0.41
602	731	0.11
602	636	0.98
603	736	0.50
603	779	0.85
603	848	0.55
603	886	0.92
603	984	0.25
603	828	0.70
603	894	0.22
604	769	0.01
604	610	0.45
604	689	0.64
604	976	0.27
604	849	0.83
604	979	0.68
604	760	0.98
605	775	0.19
605	717	0.06
605	957	0.70
606	805	0.08
606	650	0.84
606	908	0.38
606	719	0.20
606	983	0.49
606	862	0.15
606	959	0.59
607	875	0.60
607	852	0.72
607	694	0.16
607	791	0.73
608	644	0.20
608	902	0.07
608	944	0.54
608	658	0.11
609	986	0.35
610	979	0.81
611	872	0.97
611	873	0.99
612	801	0.11
612	900	0.04
612	813	0.67
612	949	0.38
612	953	0.20
613	725	0.15
614	738	0.87
614	710	0.03
614	622	0.51
614	955	0.77
615	741	0.47
615	774	0.54
616	625	0.02
617	833	0.08
617	706	0.97
617	963	0.99
617	628	0.28
618	847	0.54
618	857	0.84
618	831	0.10
619	772	0.42
619	841	0.26
619	777	0.50
619	923	0.39
620	871	0.35
620	936	0.30
620	632	0.35
621	800	0.70
621	921	0.58
621	952	0.97
621	985	0.84
622	738	0.41
622	804	0.86
622	710	0.56
622	678	0.19
622	946	0.38
622	895	0.68
623	898	0.94
623	932	0.82
623	755	0.09
623	703	0.70
625	711	0.17
626	652	0.30
626	839	0.58
626	809	0.99
626	967	0.21
626	684	0.83
626	722	0.69
626	819	0.55
626	920	0.87
628	753	0.39
629	866	0.51
629	933	0.99
629	905	0.55
629	811	0.50
629	942	0.11
629	785	0.13
629	914	0.35
630	672	0.08
630	646	0.78
631	929	0.94
631	802	0.11
631	714	0.12
631	812	0.64
631	991	0.69
632	871	0.77
633	800	0.95
633	932	0.32
633	912	0.30
633	793	0.30
633	952	0.89
633	921	0.25
633	798	0.97
634	648	0.38
634	984	0.40
634	927	0.30
635	930	0.61
635	715	0.98
636	901	0.54
636	744	0.50
636	810	0.19
636	878	0.42
636	784	0.05
636	756	0.01
636	654	0.35
636	888	0.60
636	670	0.08
637	646	0.57
637	846	0.35
637	818	0.19
637	822	0.71
639	730	0.51
639	668	0.30
640	906	0.17
640	971	0.28
640	787	0.15
640	728	0.88
640	682	0.07
641	675	0.02
641	743	0.25
641	727	0.93
641	664	0.14
642	931	0.01
642	663	0.43
642	685	0.18
642	857	0.48
643	834	0.35
643	997	0.08
643	809	0.11
643	651	0.30
643	819	0.97
643	695	0.82
644	864	0.23
644	655	0.66
644	944	0.08
644	658	0.09
644	948	0.38
644	856	0.46
645	962	0.69
645	844	0.16
645	698	0.74
646	998	0.48
646	818	0.47
647	941	0.35
647	980	0.17
647	796	0.82
649	998	0.01
649	659	0.84
649	792	0.73
650	805	0.81
650	908	0.47
650	719	0.65
650	692	0.49
650	983	0.82
650	698	0.90
650	862	1.00
651	997	0.41
651	809	0.22
651	834	0.45
651	819	0.86
652	839	0.73
652	744	0.01
652	809	0.06
652	684	0.91
652	819	0.67
652	756	0.58
652	920	0.97
652	731	0.79
653	973	0.92
653	975	0.94
653	944	0.50
654	810	0.51
654	878	0.31
654	784	0.30
654	670	0.39
655	948	0.24
655	758	0.07
655	856	0.86
655	826	0.65
656	746	0.83
656	780	0.48
656	696	0.70
656	671	0.75
657	993	0.14
658	864	0.96
658	902	0.55
658	733	0.05
659	998	0.16
659	818	0.38
659	707	0.24
660	754	0.79
660	787	0.89
660	728	0.21
660	732	0.90
661	776	0.74
661	850	0.74
661	859	0.96
662	753	0.23
662	947	0.21
662	729	0.21
662	699	0.98
663	931	0.43
663	868	0.28
663	857	0.11
664	933	0.08
664	905	0.41
664	914	0.88
665	896	0.04
665	945	0.99
666	693	0.25
667	928	0.12
667	677	0.37
667	956	0.42
668	730	0.05
669	929	0.38
669	808	0.37
669	991	0.00
670	810	0.18
670	878	0.55
670	784	0.08
671	746	0.66
671	780	0.98
672	716	0.47
673	835	0.87
674	773	0.17
674	915	0.60
675	743	0.10
675	855	0.16
675	727	0.67
675	825	0.61
676	995	0.42
676	934	0.37
676	680	0.12
676	938	0.67
676	883	0.32
676	858	0.60
677	928	0.07
677	680	0.12
677	821	0.61
677	765	0.98
678	804	0.43
678	946	0.68
678	885	0.49
678	830	0.81
679	836	0.71
680	837	0.53
680	938	0.72
680	718	0.54
680	688	0.47
681	832	0.09
681	758	0.05
681	924	0.85
682	787	0.48
683	770	0.03
683	829	0.06
684	839	0.49
684	722	0.45
684	920	0.78
685	931	0.05
685	789	0.02
686	718	0.45
686	688	0.86
686	989	0.89
686	799	0.06
687	843	0.45
687	909	0.39
687	988	0.16
688	837	0.70
688	718	0.08
688	821	0.87
688	989	0.52
688	799	0.15
689	995	0.17
689	976	0.96
689	849	0.97
689	979	0.87
690	867	0.42
690	854	0.48
690	891	0.29
691	941	0.92
691	980	0.75
692	886	0.07
693	777	0.35
694	865	0.32
694	919	0.78
694	875	0.02
694	852	0.78
694	791	0.17
695	834	0.31
696	762	0.04
697	737	0.05
697	733	0.69
698	805	0.33
698	983	0.91
698	926	0.49
699	939	0.18
699	750	0.69
699	751	0.20
699	753	0.58
699	947	0.06
699	729	0.50
700	869	0.71
700	919	0.41
701	864	0.53
701	961	0.31
701	737	0.65
702	999	0.44
702	889	0.65
703	898	0.38
704	992	0.33
704	975	0.59
705	912	0.21
705	951	0.65
705	952	0.95
705	921	0.21
706	833	0.06
707	725	0.35
707	927	0.32
708	802	0.67
708	903	0.68
708	714	0.09
708	767	0.70
709	980	0.57
710	738	0.86
710	955	0.02
712	768	0.65
712	880	0.73
712	788	0.03
712	923	0.61
713	965	0.59
713	838	0.32
713	969	0.19
713	939	0.73
713	750	0.59
713	751	0.54
713	882	0.02
713	764	0.91
714	802	0.12
714	903	0.07
714	734	0.51
715	930	0.64
715	851	0.79
715	922	0.64
715	860	0.64
716	845	0.18
717	775	0.85
717	957	0.95
718	837	0.53
718	799	0.63
718	989	0.83
718	821	0.64
719	805	0.59
719	908	0.29
719	983	0.65
719	862	0.32
720	824	0.04
720	842	0.19
721	911	0.64
721	949	0.25
721	890	0.98
722	839	0.64
722	967	0.62
723	951	0.49
723	863	0.14
724	803	0.77
724	742	0.75
724	906	0.98
724	811	0.81
724	942	0.17
724	816	0.97
724	785	0.61
724	925	0.69
725	927	0.21
727	743	0.05
727	759	0.13
727	987	0.40
727	892	0.61
728	971	0.53
728	754	0.05
728	787	0.61
728	732	0.48
729	750	0.80
731	839	0.52
731	744	0.19
731	819	0.71
731	756	0.27
731	920	0.39
732	754	0.30
732	787	0.36
733	864	0.11
733	737	0.13
733	902	0.84
734	802	0.49
734	909	0.21
736	745	0.64
736	984	0.13
736	894	0.46
737	864	0.28
738	804	0.70
739	843	0.90
739	815	0.05
741	896	0.83
741	774	0.78
742	960	0.07
742	803	0.58
742	906	0.87
742	788	0.02
742	981	0.18
742	925	0.70
743	855	0.91
744	901	0.25
744	810	0.34
744	784	0.41
744	756	0.73
744	888	0.75
745	801	0.87
745	894	0.96
747	937	0.50
748	853	0.35
748	950	0.74
749	940	0.17
749	877	0.18
750	939	0.36
750	751	0.66
750	882	0.25
750	947	0.91
750	764	0.67
751	969	0.19
751	939	0.95
751	753	0.13
751	882	0.28
751	947	0.70
752	918	0.45
753	939	0.85
753	947	0.20
754	787	0.45
755	847	0.76
756	810	0.55
756	888	0.91
757	771	0.95
757	876	0.66
758	832	0.46
758	948	0.60
758	856	0.22
758	924	0.30
759	814	1.00
759	987	0.55
759	892	0.74
760	769	0.30
760	849	0.66
760	979	0.91
761	994	0.57
761	904	0.04
761	958	0.23
762	972	0.64
764	882	0.26
765	928	0.89
765	821	0.11
765	990	0.64
766	867	0.58
766	904	0.23
766	893	0.97
767	968	0.18
768	880	0.26
768	923	0.52
769	979	0.53
770	994	0.56
770	829	0.06
771	840	0.82
772	777	0.63
772	987	0.68
773	943	0.74
775	808	0.60
775	957	0.18
776	781	0.57
776	859	0.89
778	869	0.27
778	919	0.42
779	789	0.68
781	807	0.81
782	955	0.08
783	985	0.09
784	810	0.67
784	878	0.54
784	888	0.87
785	866	0.15
785	933	0.75
785	905	0.23
785	811	0.24
785	942	0.90
785	816	0.26
785	914	0.40
786	935	0.85
786	917	0.17
786	794	0.38
786	895	0.57
787	971	0.34
788	803	0.87
788	968	0.74
788	880	0.09
788	981	0.48
788	925	0.79
789	931	0.10
790	861	0.02
791	865	0.98
791	875	0.19
791	852	0.48
791	919	0.14
793	932	0.08
793	912	0.82
793	817	0.79
793	798	0.38
794	895	0.39
795	850	0.59
797	961	0.62
797	910	0.04
797	873	0.62
798	800	0.44
798	932	0.56
798	974	0.14
799	821	0.92
799	989	0.81
800	921	0.72
800	952	0.91
800	985	0.76
801	900	0.60
801	813	0.23
801	953	0.24
802	903	0.18
803	906	0.48
803	925	0.26
803	981	0.84
804	946	0.48
805	908	0.03
805	983	0.44
805	862	0.13
808	957	0.02
809	819	0.03
809	920	0.96
810	878	0.47
810	888	0.86
811	866	0.42
811	942	0.33
811	816	0.47
811	914	0.75
812	929	0.06
812	991	0.75
813	900	0.02
813	949	0.15
813	953	0.71
814	892	0.07
815	841	0.62
816	905	0.68
816	942	0.29
816	914	0.64
817	932	0.33
817	831	0.78
818	998	0.69
818	822	0.11
819	839	0.99
819	920	0.23
820	883	0.54
821	928	0.76
821	989	0.16
822	846	0.69
822	953	0.53
823	872	0.01
823	881	0.34
824	970	0.11
824	842	0.88
825	855	0.27
826	961	0.99
827	910	0.30
827	945	0.28
827	956	0.45
827	990	0.45
828	848	0.94
828	894	0.18
828	886	0.33
830	885	0.31
830	982	0.54
831	847	0.10
832	924	0.98
833	963	0.77
834	997	0.68
837	938	0.45
838	969	0.84
838	842	0.84
838	965	0.85
839	920	0.49
842	970	0.74
843	909	0.38
844	962	0.56
844	870	0.72
846	953	0.72
848	926	0.92
848	886	0.26
849	995	0.63
849	976	0.97
849	979	0.71
850	859	0.33
851	962	0.47
851	870	0.97
851	922	0.60
851	860	0.76
852	865	0.20
852	875	0.53
854	867	0.78
854	891	0.81
856	944	0.80
856	948	0.15
857	931	0.01
858	897	0.61
858	938	0.56
858	887	0.44
860	922	0.96
862	908	0.57
862	983	0.75
863	930	0.57
863	951	0.73
865	875	0.12
865	919	0.61
866	933	0.45
866	905	0.63
866	942	0.02
866	914	0.81
867	893	0.76
869	919	0.02
870	962	0.03
874	994	0.50
874	876	0.73
874	958	0.16
876	994	0.18
877	940	0.19
879	963	0.50
879	978	0.55
879	954	0.53
880	923	0.95
882	965	0.64
882	969	0.00
882	939	0.27
883	995	1.00
883	934	0.28
883	938	0.71
884	977	0.33
884	918	0.33
884	986	0.96
885	972	0.17
885	946	0.58
887	897	0.76
888	901	0.63
890	949	0.64
890	911	0.58
892	987	0.16
893	904	0.89
894	984	0.26
895	946	0.02
896	945	0.46
899	902	0.38
900	949	0.99
900	953	0.25
902	988	0.36
905	933	0.43
905	914	0.92
906	960	0.91
906	981	0.65
906	925	0.87
907	997	0.00
908	983	0.90
908	959	0.18
910	913	0.27
910	945	0.01
910	990	0.71
911	949	0.30
912	952	0.86
912	921	0.18
913	990	0.08
914	933	0.24
914	942	0.33
916	960	0.39
916	968	0.90
916	981	1.00
917	935	0.75
921	951	0.39
921	952	0.22
921	985	0.73
925	960	0.34
925	981	0.17
928	956	0.26
928	990	0.03
929	991	0.03
933	942	0.02
934	995	0.56
934	938	0.26
936	999	0.61
939	969	0.21
939	947	0.91
941	980	0.93
943	966	0.07
944	973	0.95
944	948	0.16
947	969	0.17
951	952	0.51
954	963	0.64
954	978	0.87
958	994	0.26
960	968	0.81
960	981	0.17
963	978	0.37
964	996	0.19
965	969	0.54
968	981	0.48
973	975	0.39
975	992	0.44
976	995	0.19
976	979	0.55
977	986	0.68
